================================================================================
Best fit #1  |  Vine ID 386126232
--------------------------------------------------------------------------------
Fit statistics
  Results AIC   : -577.06667
  Refitted AIC : -577.0666698820244
  BIC           : -inf
  Log-likelihood: 316.5333349410122
  Parameters    : 28.0

Structure matrix
  [[6 2 4 6 6 6 3 3]
   [4 6 6 1 4 3 6 0]
   [8 1 1 4 3 4 0 0]
   [1 4 2 3 1 0 0 0]
   [2 3 3 2 0 0 0 0]
   [3 8 8 0 0 0 0 0]
   [7 7 0 0 0 0 0 0]
   [5 0 0 0 0 0 0 0]]

Vinecop model
  <pyvinecopulib.Vinecop> Vinecop model with 8 variables
  tree edge conditioned variables conditioning variables var_types   family rotation parameters  df   tau
     1    1                  5, 6                             c, c Gaussian        0       0.67 1.0  0.46
     1    2                  7, 2                             c, c Gaussian        0       0.06 1.0  0.04
     1    3                  8, 4                             c, c    Frank        0       0.67 1.0  0.07
     1    4                  2, 6                             c, c  Clayton        0       0.86 1.0  0.30
     1    5                  1, 6                             c, c      Joe      180       2.06 1.0  0.37
     1    6                  4, 6                             c, c Gaussian        0       0.52 1.0  0.34
     1    7                  6, 3                             c, c      Joe        0       1.11 1.0  0.06
     2    1                  5, 4                      6      c, c      Joe       90       1.06 1.0 -0.04
     2    2                  7, 6                      2      c, c      Joe      270       1.25 1.0 -0.13
     2    3                  8, 6                      4      c, c      Joe       90       1.15 1.0 -0.08
     2    4                  2, 1                      6      c, c Gaussian        0       0.59 1.0  0.40
     2    5                  1, 4                      6      c, c Gaussian        0      -0.73 1.0 -0.52
     2    6                  4, 3                      6      c, c      Joe      180       1.26 1.0  0.13
     3    1                  5, 8                   4, 6      c, c  Clayton      270       0.05 1.0 -0.02
     3    2                  7, 1                   6, 2      c, c    Frank        0       1.27 1.0  0.14
     3    3                  8, 1                   6, 4      c, c      Joe      180       1.31 1.0  0.15
     3    4                  2, 4                   1, 6      c, c    Frank        0      -3.15 1.0 -0.32
     3    5                  1, 3                   4, 6      c, c      Joe      180       1.07 1.0  0.04
     4    1                  5, 1                8, 4, 6      c, c  Clayton        0       0.26 1.0  0.11
     4    2                  7, 4                1, 6, 2      c, c      Joe       90       1.06 1.0 -0.03
     4    3                  8, 2                1, 6, 4      c, c  Clayton      180       0.14 1.0  0.07
     4    4                  2, 3                4, 1, 6      c, c      Joe      180       1.11 1.0  0.06
     5    1                  5, 2             1, 8, 4, 6      c, c  Clayton        0       0.22 1.0  0.10
     5    2                  7, 3             4, 1, 6, 2      c, c   Gumbel       90       1.10 1.0 -0.09
     5    3                  8, 3             2, 1, 6, 4      c, c      Joe      270       1.08 1.0 -0.04
     6    1                  5, 3          2, 1, 8, 4, 6      c, c  Clayton      180       0.29 1.0  0.13
     6    2                  7, 8          3, 4, 1, 6, 2      c, c      Joe      270       1.10 1.0 -0.05
     7    1                  5, 7       3, 2, 1, 8, 4, 6      c, c  Clayton      180       0.21 1.0  0.10
================================================================================

================================================================================
Best fit #2  |  Vine ID 386126165
--------------------------------------------------------------------------------
Fit statistics
  Results AIC   : -577.034603
  Refitted AIC : -577.0346031838698
  BIC           : -inf
  Log-likelihood: 316.5173015919349
  Parameters    : 28.0

Structure matrix
  [[6 2 4 6 6 6 3 3]
   [4 6 6 1 4 3 6 0]
   [1 1 1 4 3 4 0 0]
   [2 4 2 3 1 0 0 0]
   [8 3 3 2 0 0 0 0]
   [3 8 8 0 0 0 0 0]
   [7 7 0 0 0 0 0 0]
   [5 0 0 0 0 0 0 0]]

Vinecop model
  <pyvinecopulib.Vinecop> Vinecop model with 8 variables
  tree edge conditioned variables conditioning variables var_types   family rotation parameters  df   tau
     1    1                  5, 6                             c, c Gaussian        0       0.67 1.0  0.46
     1    2                  7, 2                             c, c Gaussian        0       0.06 1.0  0.04
     1    3                  8, 4                             c, c    Frank        0       0.67 1.0  0.07
     1    4                  2, 6                             c, c  Clayton        0       0.86 1.0  0.30
     1    5                  1, 6                             c, c      Joe      180       2.06 1.0  0.37
     1    6                  4, 6                             c, c Gaussian        0       0.52 1.0  0.34
     1    7                  6, 3                             c, c      Joe        0       1.11 1.0  0.06
     2    1                  5, 4                      6      c, c      Joe       90       1.06 1.0 -0.04
     2    2                  7, 6                      2      c, c      Joe      270       1.25 1.0 -0.13
     2    3                  8, 6                      4      c, c      Joe       90       1.15 1.0 -0.08
     2    4                  2, 1                      6      c, c Gaussian        0       0.59 1.0  0.40
     2    5                  1, 4                      6      c, c Gaussian        0      -0.73 1.0 -0.52
     2    6                  4, 3                      6      c, c      Joe      180       1.26 1.0  0.13
     3    1                  5, 1                   4, 6      c, c  Clayton        0       0.28 1.0  0.12
     3    2                  7, 1                   6, 2      c, c    Frank        0       1.27 1.0  0.14
     3    3                  8, 1                   6, 4      c, c      Joe      180       1.31 1.0  0.15
     3    4                  2, 4                   1, 6      c, c    Frank        0      -3.15 1.0 -0.32
     3    5                  1, 3                   4, 6      c, c      Joe      180       1.07 1.0  0.04
     4    1                  5, 2                1, 4, 6      c, c  Clayton        0       0.19 1.0  0.09
     4    2                  7, 4                1, 6, 2      c, c      Joe       90       1.06 1.0 -0.03
     4    3                  8, 2                1, 6, 4      c, c  Clayton      180       0.14 1.0  0.07
     4    4                  2, 3                4, 1, 6      c, c      Joe      180       1.11 1.0  0.06
     5    1                  5, 8             2, 1, 4, 6      c, c  Clayton      270       0.10 1.0 -0.05
     5    2                  7, 3             4, 1, 6, 2      c, c   Gumbel       90       1.10 1.0 -0.09
     5    3                  8, 3             2, 1, 6, 4      c, c      Joe      270       1.08 1.0 -0.04
     6    1                  5, 3          8, 2, 1, 4, 6      c, c  Clayton      180       0.30 1.0  0.13
     6    2                  7, 8          3, 4, 1, 6, 2      c, c      Joe      270       1.10 1.0 -0.05
     7    1                  5, 7       3, 8, 2, 1, 4, 6      c, c  Clayton      180       0.21 1.0  0.09
================================================================================

================================================================================
Best fit #3  |  Vine ID 588997480
--------------------------------------------------------------------------------
Fit statistics
  Results AIC   : -577.016763
  Refitted AIC : -577.0167633497476
  BIC           : -inf
  Log-likelihood: 316.5083816748738
  Parameters    : 28.0

Structure matrix
  [[6 6 2 6 6 6 3 3]
   [4 4 6 1 4 3 6 0]
   [1 1 1 4 3 4 0 0]
   [2 2 4 3 1 0 0 0]
   [3 3 3 2 0 0 0 0]
   [5 7 7 0 0 0 0 0]
   [7 5 0 0 0 0 0 0]
   [8 0 0 0 0 0 0 0]]

Vinecop model
  <pyvinecopulib.Vinecop> Vinecop model with 8 variables
  tree edge conditioned variables conditioning variables var_types   family rotation parameters  df   tau
     1    1                  8, 6                             c, c      Joe       90       1.06 1.0 -0.03
     1    2                  5, 6                             c, c Gaussian        0       0.67 1.0  0.46
     1    3                  7, 2                             c, c Gaussian        0       0.06 1.0  0.04
     1    4                  2, 6                             c, c  Clayton        0       0.86 1.0  0.30
     1    5                  1, 6                             c, c      Joe      180       2.06 1.0  0.37
     1    6                  4, 6                             c, c Gaussian        0       0.52 1.0  0.34
     1    7                  6, 3                             c, c      Joe        0       1.11 1.0  0.06
     2    1                  8, 4                      6      c, c   Gumbel      180       1.12 1.0  0.11
     2    2                  5, 4                      6      c, c      Joe       90       1.06 1.0 -0.04
     2    3                  7, 6                      2      c, c      Joe      270       1.25 1.0 -0.13
     2    4                  2, 1                      6      c, c Gaussian        0       0.59 1.0  0.40
     2    5                  1, 4                      6      c, c Gaussian        0      -0.73 1.0 -0.52
     2    6                  4, 3                      6      c, c      Joe      180       1.26 1.0  0.13
     3    1                  8, 1                   4, 6      c, c      Joe      180       1.30 1.0  0.15
     3    2                  5, 1                   4, 6      c, c  Clayton        0       0.28 1.0  0.12
     3    3                  7, 1                   6, 2      c, c    Frank        0       1.27 1.0  0.14
     3    4                  2, 4                   1, 6      c, c    Frank        0      -3.15 1.0 -0.32
     3    5                  1, 3                   4, 6      c, c      Joe      180       1.07 1.0  0.04
     4    1                  8, 2                1, 4, 6      c, c  Clayton      180       0.14 1.0  0.07
     4    2                  5, 2                1, 4, 6      c, c  Clayton        0       0.19 1.0  0.09
     4    3                  7, 4                1, 6, 2      c, c      Joe       90       1.06 1.0 -0.03
     4    4                  2, 3                4, 1, 6      c, c      Joe      180       1.11 1.0  0.06
     5    1                  8, 3             2, 1, 4, 6      c, c      Joe      270       1.08 1.0 -0.05
     5    2                  5, 3             2, 1, 4, 6      c, c  Clayton      180       0.29 1.0  0.13
     5    3                  7, 3             4, 1, 6, 2      c, c   Gumbel       90       1.10 1.0 -0.09
     6    1                  8, 5          3, 2, 1, 4, 6      c, c  Clayton       90       0.10 1.0 -0.05
     6    2                  5, 7          3, 2, 1, 4, 6      c, c  Clayton      180       0.21 1.0  0.10
     7    1                  8, 7       5, 3, 2, 1, 4, 6      c, c      Joe       90       1.08 1.0 -0.04
================================================================================

================================================================================
Best fit #4  |  Vine ID 588997478
--------------------------------------------------------------------------------
Fit statistics
  Results AIC   : -576.985374
  Refitted AIC : -576.9853742665977
  BIC           : -inf
  Log-likelihood: 316.49268713329883
  Parameters    : 28.0

Structure matrix
  [[6 6 2 6 6 6 3 3]
   [4 4 6 1 4 3 6 0]
   [1 1 1 4 3 4 0 0]
   [2 2 4 3 1 0 0 0]
   [8 3 3 2 0 0 0 0]
   [3 7 7 0 0 0 0 0]
   [7 8 0 0 0 0 0 0]
   [5 0 0 0 0 0 0 0]]

Vinecop model
  <pyvinecopulib.Vinecop> Vinecop model with 8 variables
  tree edge conditioned variables conditioning variables var_types   family rotation parameters  df   tau
     1    1                  5, 6                             c, c Gaussian        0       0.67 1.0  0.46
     1    2                  8, 6                             c, c      Joe       90       1.06 1.0 -0.03
     1    3                  7, 2                             c, c Gaussian        0       0.06 1.0  0.04
     1    4                  2, 6                             c, c  Clayton        0       0.86 1.0  0.30
     1    5                  1, 6                             c, c      Joe      180       2.06 1.0  0.37
     1    6                  4, 6                             c, c Gaussian        0       0.52 1.0  0.34
     1    7                  6, 3                             c, c      Joe        0       1.11 1.0  0.06
     2    1                  5, 4                      6      c, c      Joe       90       1.06 1.0 -0.04
     2    2                  8, 4                      6      c, c   Gumbel      180       1.12 1.0  0.11
     2    3                  7, 6                      2      c, c      Joe      270       1.25 1.0 -0.13
     2    4                  2, 1                      6      c, c Gaussian        0       0.59 1.0  0.40
     2    5                  1, 4                      6      c, c Gaussian        0      -0.73 1.0 -0.52
     2    6                  4, 3                      6      c, c      Joe      180       1.26 1.0  0.13
     3    1                  5, 1                   4, 6      c, c  Clayton        0       0.28 1.0  0.12
     3    2                  8, 1                   4, 6      c, c      Joe      180       1.30 1.0  0.15
     3    3                  7, 1                   6, 2      c, c    Frank        0       1.27 1.0  0.14
     3    4                  2, 4                   1, 6      c, c    Frank        0      -3.15 1.0 -0.32
     3    5                  1, 3                   4, 6      c, c      Joe      180       1.07 1.0  0.04
     4    1                  5, 2                1, 4, 6      c, c  Clayton        0       0.19 1.0  0.09
     4    2                  8, 2                1, 4, 6      c, c  Clayton      180       0.14 1.0  0.07
     4    3                  7, 4                1, 6, 2      c, c      Joe       90       1.06 1.0 -0.03
     4    4                  2, 3                4, 1, 6      c, c      Joe      180       1.11 1.0  0.06
     5    1                  5, 8             2, 1, 4, 6      c, c  Clayton      270       0.10 1.0 -0.05
     5    2                  8, 3             2, 1, 4, 6      c, c      Joe      270       1.08 1.0 -0.05
     5    3                  7, 3             4, 1, 6, 2      c, c   Gumbel       90       1.10 1.0 -0.09
     6    1                  5, 3          8, 2, 1, 4, 6      c, c  Clayton      180       0.30 1.0  0.13
     6    2                  8, 7          3, 2, 1, 4, 6      c, c      Joe      270       1.04 1.0 -0.02
     7    1                  5, 7       3, 8, 2, 1, 4, 6      c, c  Clayton      180       0.21 1.0  0.10
================================================================================

================================================================================
Best fit #5  |  Vine ID 386126181
--------------------------------------------------------------------------------
Fit statistics
  Results AIC   : -576.898199
  Refitted AIC : -576.8981994715813
  BIC           : -inf
  Log-likelihood: 316.44909973579064
  Parameters    : 28.0

Structure matrix
  [[6 2 4 6 6 6 3 3]
   [4 6 6 1 4 3 6 0]
   [1 1 1 4 3 4 0 0]
   [2 4 2 3 1 0 0 0]
   [3 3 3 2 0 0 0 0]
   [8 8 8 0 0 0 0 0]
   [7 7 0 0 0 0 0 0]
   [5 0 0 0 0 0 0 0]]

Vinecop model
  <pyvinecopulib.Vinecop> Vinecop model with 8 variables
  tree edge conditioned variables conditioning variables var_types   family rotation parameters  df   tau
     1    1                  5, 6                             c, c Gaussian        0       0.67 1.0  0.46
     1    2                  7, 2                             c, c Gaussian        0       0.06 1.0  0.04
     1    3                  8, 4                             c, c    Frank        0       0.67 1.0  0.07
     1    4                  2, 6                             c, c  Clayton        0       0.86 1.0  0.30
     1    5                  1, 6                             c, c      Joe      180       2.06 1.0  0.37
     1    6                  4, 6                             c, c Gaussian        0       0.52 1.0  0.34
     1    7                  6, 3                             c, c      Joe        0       1.11 1.0  0.06
     2    1                  5, 4                      6      c, c      Joe       90       1.06 1.0 -0.04
     2    2                  7, 6                      2      c, c      Joe      270       1.25 1.0 -0.13
     2    3                  8, 6                      4      c, c      Joe       90       1.15 1.0 -0.08
     2    4                  2, 1                      6      c, c Gaussian        0       0.59 1.0  0.40
     2    5                  1, 4                      6      c, c Gaussian        0      -0.73 1.0 -0.52
     2    6                  4, 3                      6      c, c      Joe      180       1.26 1.0  0.13
     3    1                  5, 1                   4, 6      c, c  Clayton        0       0.28 1.0  0.12
     3    2                  7, 1                   6, 2      c, c    Frank        0       1.27 1.0  0.14
     3    3                  8, 1                   6, 4      c, c      Joe      180       1.31 1.0  0.15
     3    4                  2, 4                   1, 6      c, c    Frank        0      -3.15 1.0 -0.32
     3    5                  1, 3                   4, 6      c, c      Joe      180       1.07 1.0  0.04
     4    1                  5, 2                1, 4, 6      c, c  Clayton        0       0.19 1.0  0.09
     4    2                  7, 4                1, 6, 2      c, c      Joe       90       1.06 1.0 -0.03
     4    3                  8, 2                1, 6, 4      c, c  Clayton      180       0.14 1.0  0.07
     4    4                  2, 3                4, 1, 6      c, c      Joe      180       1.11 1.0  0.06
     5    1                  5, 3             2, 1, 4, 6      c, c  Clayton      180       0.29 1.0  0.13
     5    2                  7, 3             4, 1, 6, 2      c, c   Gumbel       90       1.10 1.0 -0.09
     5    3                  8, 3             2, 1, 6, 4      c, c      Joe      270       1.08 1.0 -0.04
     6    1                  5, 8          3, 2, 1, 4, 6      c, c  Clayton      270       0.10 1.0 -0.05
     6    2                  7, 8          3, 4, 1, 6, 2      c, c      Joe      270       1.10 1.0 -0.05
     7    1                  5, 7       8, 3, 2, 1, 4, 6      c, c  Clayton      180       0.21 1.0  0.10
================================================================================
